   -8  -13   24   23  -29   -2   23   34  -34   48  -20  -41
   29  -25   17   30   17   28   -2  -38  -18   44  -47  -45
   48   34   20   30  -45  -22   -4  -14  -11  -30   19   11
  -47   11  -39   -4  -41  -11  -10   48   42   15   11  -21
  -12   -7   19  -46  -29   41   36   22  -39   -8  -14  -29
   30  -29   50  -31   50   18  -21   -2  -11   44   25   12
  -24   35  -29  -17   29   12  -38  -24  -27   18   -7   26
  -46  -33   -6  -47  -44  -11   15  -22  -12  -11   48   31
   18   36  -13   32   50   -5   27   -5  -48   49   21   -3
   -7  -50   27  -20  -50   -6   25  -38  -30  -35  -21   -3
