        19        35        13        98        29        23        46        37        46        63        38        94         2        40        43        48        92        25        59        51        26        98        45        95        90        43        10        47        59        55        19        26        12        81        77        37        60        37         2        24        79        71        72        14        47        49        29        93         4        40
        20        43         5        75         5        86        26        39        97        98        93        15        85        54        78        88        60        88        71        84        69        28        16        23         4         5        57        40         7        84         7        81        56        55        51        98        85         5        22        75        15        98        71        87        71        97        36        39         8        40
        26        13        60        72         5        84        68        74        58        41        65        99        26        23        15        55         4        18        57        66         6        40        84        23        47        46         2         5        72        22        62        84        25        27        15        44        98        12        33        58        82        72        46        48        99        30        48        95        51        40
        74        11        73        79        38        77        21        64        87        59        80        63        18        96        22        21        85        42        91        31        66         6        31        38        18        60        17         2        75        40        21        52        44        98        49        33        25        10        97        64        29        13        47        32        59        29        16        14         5        63
        46        86        89        76        56        20        21        41        80        38        43        41        62        51        97         1        14        52        43        26        16        78        41        78        81        25        82        12       100        92        83        80        86        31         6        90        44        11        60        13        57         6        75        97        18         4        99        84         5        97
         6        50        77        39         1         4        92        93        88        85        59        68         2        15        81        86        44        42        51        75        86        51        10        29        88        65        80        55        29        72       100        56        15        24        89        51        83        37        67        47        26        60        76         6        59        81        21        27        53        21
        39         6        52        13        74        66        34        51        98        24        15        48        20        27        44        91        78        45         9        98        82        98        97         7        41        32        40         7        22        58        36         7        26        26        59        27        97        21        77        67        61        75        88        35        25        30        53        82         8        52
       100        51        75        85        86         5        93        29        81        94        95        82        44        72        70        62         3        11        57        89        74        92        48        91        48        71        35        19        55        52        95        32        59        97        32        52        28        29        17        76        76        32        37        72        83        77        93        94        61        89
        14        57        87        71        37        80        13        19        51        93        17        74        62        93        94        10        12        96        17        89        97        30        38        65        46         5        37        79        96        19        11        42        49        14        99        46         5       100        12        82        77        67        41        57        64        93        57        46        17        97
        73        65        70        67        49        98        18        47        68        67        96        55        40        97        25        96        88        29        36        68        46        25        52        74        38        68        66        15        39        97        77        59        19        17        73         4        21        14        75        26        11        41        21        12        75        41        93        39        99        40
        11        48         2        28        59        13        76        53        90        68        18        38         3        44        65        64        48        46        18        65        81        59        20         5        55        94        92        69        59        78        95        76        70        35        83        61         3        83        70        48        40        45        59        19         1        59        53        62        79        97
         8        73        58        15        33         2        97        92        74        91        58        97         6        76        44        46         5        53        13        68        41        88        67        56        28        78        42        69        90        25        67         8        21        48        25        46        12         6         7        27        86        62        57        36        81         6        87        86        56        12
        45        27        28        52        52        51        75         8        38        99        90        58        87        99        74        46        40         4        69        17        28        80        26        11        23        39        85        81        54        69        10        26        67        93        76        88        11        58        46        14         4        48         8         7        97        32        15        21        37        25
        77        51        60         9        29        39         4        45        82        57        30        73        80        62        41        18        50        74        66        41        34        61        23        87        81        90        36        49        11        16        49        10        22        18        16        37        25        15        68        80        52        58        65        23         7        34        63        78        90        96
        16        75         8        12        73        39        27        95        48        98        50        57        31        69        80        22        89        70        32        42        84         7        99        78        57        22        27        64         7        77         6        28        31        41        35        69        96        60        21        44        24        38        18        86        71        96         5        75         6        38
        39        28        12        50         7        21        65        18        55        86        43        82        17        48        21        85        28        15         5        33        55        49        21        20        91         9        24        71        90        48        47        45         7        58        89        21        52        22        55        88        39        28        21        46        19        12        57        81        34        73
        95        34         8        64        13        66        31        75        13        76        40        67        26        81        74        80         5         7        76        17        78        85        34         1        19        49        14        75        20        83        70         5        79        92        14        97        14        86        97         1        27         5        69        64        30        11        33         5        84        22
        46        87        63        68         5        75        46        58        28        83        35        48        83        90        31        23        84        46        96        35        28         8        91        34        58        64        30        76        67        33        14        44        70        10        11        65        10        21        43        76        49        54        22        25        79        10        70        80        77        41
        22        75        41        55        84        98        25        17        76        23        61        94        99        73        46        28        29        38        90        99        10        33        89        87        87        59        69        62        66        74        87        62        35        95        42         6        42        99        41        40        64        71        84        74        74        96        83        13        92        78
        14        52        52        59        26        23        49        71        74        80         7         2         1         8        40        52        32        24        43        83         3        13        67        49        45       100        44        12        15        73        80        21        37         2        62        42        63        28        67        93        63        12        79        20        92        14        81        40         9        27
        85        14        38       100        66         1        10        92        50        19        36        27        45        83        54        71         1        23        62        78        23        85        20        41        80        67        39        21        86        56        42        25        19        39        31        94        27        37         7        79        24        43        42        56         9        78        66        52        56        75
        76        88        69        28        11        35         2        23        75        95        21        76        18        24        22        82        39        36         8        56        74        29        13        55         5        40        66        63        16       100        99        80        78        39        38        58        81        85         7        32       100        38        57         2        97       100        56        97        48        93
        22        90        18        50        39        50         5        79        23        73        84        21        74        10        66        48        97        54        85        95        92        31        53        33        43         8        84        47        81        89        10        14         8        56        52        93        20        94        43        57        69        80        13        18        65       100        12        16        33        89
        83        27        20        39        70        18        55        10        15        21        87        34        41        95         5        18        39        69        79        83        42        66        53        52        88        17        39        62        33        18        89        75        68        72        64        61        39        12        38        15       100        86        33        97         5         4        36        43        99        43
        81        35        72        33        91        90        93        83        53        95        15        74        37        34        57         5        68        59        44        93         5        42        66        19        73         6        52        25        70        13         9        49         7        52        10        48        84        64        26         5        77        30        36        13        88        73        71        23        38        54
        82        25        97        72        66        85        33        91        70        38        31         8        53        23        47        22         6        25        58        47        90        62        34        91        89        65        67        49        63        43        69        96        51       100        56        45        28        72        50        35        62        31        21         1       100        87         8        33        96        72
        65        82        11        98        47        58        16        70        68         4         7        38        53        53        68        96         3        68         3        39        36        63         2        13        90        30        42        92        86        30        67        35        26        41         3        48         7         7        74        13        81        26         1        70        84        12        65        84        26        54
        59        84        47        46        47         4        78        56         8        81        14        49        88        36        93         6        34        96        23        46        94        16        26        90         6        55        46         5        94        16        44        77        11        43        77        26        47        38        17        17        45        20        27         6        79        88        78        19        45        59
        99        53        80        68         7        66        35        84         7        58        38        95        31        30        54        94        69        72        81        19        65        18        60        70        41        84        90        75        42        49        30        52        36         6         1        51        11        66        47        25        97        11        12        77        97        70        60       100        56        30
        93        46        43        20        37        10        58        79        74        76        30        18        39        84        30        12        85        68        25        88        40        43        24        40        94        64        80        12        59        45        29        40        35        88        79        65        99         7        28        71        24        36        14        12        61        45        18        98        56         3
        71        53        47        12        43        48        83        84        81        96        20        33        42        83         4        97        68        98        60        97        84        20        61        53        24        12        17        99         1        87        78        95        92        65        53        46         8        82        57        26        27        50        41        19        50        49        14        51        24        60
        76        71        84        98        11        88        72        36        73        34        22        30        53         7        18        91        47         9        23        82        91        22        42         2        31        87        17        88        91        88        38        73         1        98        72        18        90        41        87        31        95        13        39        44        19        13        94        77        58        81
        47        45        70        27         2        37        11        20        35         6       100         8        30        37        27        86        40        64        50        82        23        18        57        70        45        13        61        82        88         1        40        95        26        66        57        99        63         1         9        57        28         1        90        52        99        61        74        81        75        13
        32        62        46        18        11        20        13        34        22        59        78        41        39        58        32        68         9        44        16        51        21        81        34        72         3        98        49       100        30        56        52        12        73         6        24         2        76       100        21        98        17        61        22        72        66        56        45       100        15        56
        28         7        63        57        34        52        75         7        22         1        84         6        86        92        38        62         4         8        35        67        84         8        71        34        92        45         5        81        67        15        49        81        95        52        54        27         5        98        64        39         8        32        23        88        12        75        98        13        60        25
        81        77        41        80        56        16        53        39        10         5        43        77        81        79        26        20        59        80        47        30        12        85        46        83        23        36        55        63        82        60        79        32         2        58        99        60        95        76        27        51        69        69        83        83         7        14        91        77        36        82
        80        31        84        54        77        70        12        74        11        95        99        79        12        73         6        12         9        17        79        27        85         2        45        98        36        33         6        75        40        48        46        75       100        44        11        51        95        48        42        11       100        22        22        55        21        41        44        80        13        53
        40         4        71        46        70        72        10        24        52        64        36        71        44        14        58        84        34        67        69        83        23        99         7        77        20        45         9        17        38        66        64        80        32        25        15         5        53        52        97        21        73        50        85        83        30        95        68        70        46        44
        54        39        80        49        64         1        12        42        19        48        58        65        27        59        45        98        35        47        30        68        53        90        78         9        77        78         7        45        98        65        62        27        83        89         2        21        10        91        70        54        29        74         5        55         6        92        32         7        14        49
        31        32        31        22        85        63        18        12         3        49        86        83        65        59        30        20        54        76        93        38        21        76        16        68        83         8        33        41        31        84        16        86        89        49        38        93        31         6        62        28        44        53        15        80        35        85        89        59        82        40
        28        97        92        57        22        60        60        20        67        22        19        68        84        12         5        33        29        40        88         8        81        16        81        77         2        87        78        66        32        90        66        19        40        77        39        88        19         3        98        93        79        94         6        15        13        89        25       100        13        94
        48        80        88        97        59        60        56        28        12         6         3        35        54        31        47        67        46        16        18        49        35        12        60        94        64        30        13        91        45        60        59        83         5        86        99        42        88         1        81        37        59        27        79        10        19        27        77        88        31        99
        44        14        46        95         8        24        87        30        96         7        36        71        56        26        40        55        14        31        79        75        50        27        18        36        84        37        86        95        97        98        71        22        41        50        42         2        76         3        56        33        17        99        79        90        35        97        99        44        87        55
         4         2        23        10       100         3        66        27         9        63        56        56        53        88        50        73         1        89        36        94        72        38        69        61       100        81        17         1        65         8        40        62        10        77        78        32        71        16        26        78        84        67        91        84        41        18        88        92        78        37
        69        47        15        29        76        35        15        41        65        48        78         1        44        63         8       100        23        36        38        99        17        92         5        89        23        13        39        68        47        51         6        78         6        93        24         1        30        74        99         6        58        85        55        95        95        18        71        43        96        45
        84        34        18        35        25        85        99        25        97        39        37        61        26        48        84        26        92        47        25        50        75        10        74        60        19        40        78        81        11        12        50        18        78        98         6        33        90        64        56        36        67        33        10        35        93        27        37        41         7       100
        68        17        55        10        42        38        41        67        63        67        61        13        83        71        53        21        29        71        41        21        57        38        65        95        46        26        82        28        34         6        58        61        62        21        23        77        37        86        95        42         7        40        29        67        48        14         8        79        42        37
        12        52        97        30        65        50        21         2        66        38        93        40        26        58        70        70        49        43        60        92        66        14        12        40        85        30        14        63        29        24        73        10        86        67        10        34        38        42        67        46        88        91        37        60        68        80         4        56        73        41
        89         3        72        57         4        35        55        90         4        37        30         5        82        70        96        70        80         1         7        60        94        38        96        41        98        38        60        28        28        44        65        56        63        48        38        34        87        70        25        32        94        78        78        55        66        66        92        88         4        62
        92        89        68        22        28        49        34        21        74        68        20        89        95        14        25        75        17        50       100        74        12        98        27        92        49        25         9        34        15        59         2        63        40        88        37        66        27        76        16        79        79         5        99        67        35        31       100        61        15        27
